   4.1360294e+01   1.1470258e+02
   6.3143382e+01   1.2626263e+02
   1.0174632e+02   1.4040404e+02
   1.0597426e+02   1.4175084e+02
   1.4705882e+02   1.5735129e+02
   1.5220588e+02   1.5937149e+02
   1.6939338e+02   1.0336700e+02
   1.6516544e+02   1.0235690e+02
   1.4733456e+02   9.5061728e+01
   1.3961397e+02   9.2255892e+01
   1.2840074e+02   8.7542088e+01
   1.1663603e+02   8.3389450e+01
   1.0551471e+02   7.8114478e+01
   8.3180147e+01   6.8013468e+01
   8.2444853e+01   6.2738496e+01
   8.5386029e+01   5.6116723e+01
   8.9338235e+01   5.5892256e+01
   1.3336397e+02   7.4298541e+01
   1.1608456e+02   6.7227834e+01
   1.2720588e+02   7.1829405e+01
   1.4503676e+02   7.7890011e+01
   1.5450368e+02   8.1369248e+01
   1.7132353e+02   8.8439955e+01
   1.7426471e+02   9.3265993e+01
   4.6783088e+01   7.1829405e+01
   7.5735294e+01   1.9753086e+01
   1.0551471e+02   2.1324355e+01
   1.1066176e+02   2.2109989e+01
   1.6240809e+02   4.0965208e+01
   1.6783088e+02   4.2760943e+01
   2.3759191e+02   7.3288440e+01
